 Concentrations Measured:
     Time       I      Cl     PFB    UKPA  UICPMS     NO3      Mn      Fe     SO4    CaIC CaICPMS    MgIC MgICPMS    NaIC NaICPMS     KIC  KICPMS MoICPMS  VICPMS SrICPMS SeICPMS     DOC     Alk     ORP      pH    Cond    Temp
     days     ppm     ppm     ppm     ppm     ppm     ppm     ppm     ppm     ppm     ppm     ppm     ppm     ppm     ppm     ppm     ppm     ppm     ppm     ppm     ppm     ppm     ppm     ppm      mV     std    uScm       C
     0.00  484.33    7.60  544.00    0.01    0.01    0.50    0.01    0.18  205.00   61.33   50.66   28.33   26.66  148.45  128.49   96.08   93.96    0.01    0.03    0.77    0.25  182.00  184.66  132.20    8.58 1420.66   24.16
     0.00    0.50  419.00    0.10    1.08    0.96    0.50    1.11    0.28 5284.00  379.50  316.00  295.50  301.00 1966.14 2083.84   21.62   16.91    0.39    0.03    3.70    0.25   24.96  541.00  119.80    7.10 9855.00   17.15
     0.06  488.00   16.00  490.00    0.02    0.02    0.50    0.00    0.05  206.00   65.11   57.48   25.54   28.87  141.90  158.28   91.77   96.26    0.03    0.03    0.77    0.25  178.50  198.00  -33.30    8.31 1430.00   27.10
     0.69  468.00   25.00  480.00    0.13    0.12    0.50    0.05    1.84  394.00   66.02   59.04   28.88   32.73  234.25  262.07   63.49   67.61    0.05    0.03    0.81    0.25  166.50  195.00   35.20    8.10 1700.00   19.50
     1.03  410.00   77.00  420.00    0.24    0.22    0.50    0.05    0.05 1182.00  155.71  128.37   71.05   72.38  410.17  431.24   76.40   77.69    0.08    0.03    1.73    0.25  156.50  247.00   53.80    7.91 2950.00   22.30
     1.59  259.00  221.00  254.00    0.49    0.49    0.50    0.10    0.05 2460.00  310.17  257.24  160.42  163.40  896.58  946.47  101.11  102.87    0.17    0.03    3.44    0.25  101.80  352.00  127.60    7.68 5210.00   15.60
     1.84  205.00  232.00  199.00    0.64    0.62    0.50    0.14    0.62 3542.00  346.70  300.30  192.43  207.08 1106.60 1224.84  105.62  115.09    0.22    0.03    4.18    0.25   83.88  416.00  104.70    7.65 6500.00   22.50
     2.05  155.00  270.00  157.00    0.66    0.64    0.50    0.11    0.05 4050.00  369.36  296.82  213.06  214.57 1244.46 1287.34  110.19  109.87    0.24    0.03    3.93    0.25   74.32  470.00   53.70    7.62 7140.00   22.10
     2.62   80.00  347.00   79.00    0.85    0.80    0.50    0.10    0.05 4410.00  398.61  336.05  254.18  261.14 1552.16 1651.39  107.50  110.34    0.30    0.03    4.27    0.25   49.62  466.00  149.50    7.56 8550.00   16.20
     2.82   61.00  375.00   58.80    0.91    0.84    0.50    0.14    0.07 4613.00  403.70  338.81  264.81  271.83 1629.07 1742.13  107.23  108.54    0.31    0.03    4.30    0.25   43.96  490.00  239.00    7.44 8930.00   21.00
     3.02   48.20  383.00   47.10    0.93    0.85    0.50    0.10    0.05 4762.00  404.27  340.99  269.33  276.49 1672.90 1790.26  101.30  103.64    0.33    0.03    4.31    0.25   39.35  500.00  182.50    7.51 9100.00   21.80
     3.62   26.70  401.00   26.20    1.03    0.91    0.50    0.18    0.05 4997.00  412.26  350.34  285.35  288.88 1785.82 1885.19   93.22   92.87    0.35    0.03    4.34    0.25   30.07  532.00  191.10    7.46 9400.00   16.60
 Concentrations Expected:
     Time       I      Cl     PFB    UKPA  UICPMS     NO3      Mn      Fe     SO4    CaIC CaICPMS    MgIC MgICPMS    NaIC NaICPMS     KIC  KICPMS MoICPMS  VICPMS SrICPMS SeICPMS     DOC     Alk     ORP      pH    Cond    Temp
     days     ppm     ppm     ppm     ppm     ppm     ppm     ppm     ppm     ppm     ppm     ppm     ppm     ppm     ppm     ppm     ppm     ppm     ppm     ppm     ppm     ppm     ppm     ppm      mV     std    uScm       C
     0.06  488.00    4.48  548.13    0.00    0.00    0.50    0.00    0.18  166.47   58.92   48.65   26.30   24.58  134.66  113.66   96.64   94.54    0.01    0.03    0.75    0.25  183.19  181.96  132.29    8.59 1356.68   24.21
     0.69  468.00   21.49  525.64    0.05    0.04    0.50    0.05    0.18  376.42   72.07   59.62   37.35   35.92  209.80  194.49   93.57   91.36    0.02    0.03    0.87    0.25  176.70  196.69  131.78    8.53 1705.33   23.92
     1.03  410.00   70.80  460.44    0.17    0.16    0.50    0.18    0.20  985.28  110.21   91.42   69.37   68.81  427.70  428.89   84.64   82.12    0.07    0.03    1.22    0.25  157.87  239.40  130.30    8.35 2716.41   23.08
     1.59  259.00  199.20  290.69    0.51    0.45    0.50    0.52    0.23 2570.40  209.51  174.23  152.76  154.43  994.99 1039.14   61.40   58.08    0.19    0.03    2.13    0.25  108.86  350.62  126.43    7.89 5348.71   20.90
     1.84  205.00  245.11  229.99    0.63    0.56    0.50    0.65    0.24 3137.26  245.02  203.85  182.58  185.04 1197.86 1257.37   53.09   49.48    0.23    0.03    2.46    0.25   91.34  390.39  125.04    7.73 6290.06   20.11
     2.05  155.00  287.63  173.78    0.74    0.66    0.50    0.76    0.25 3662.14  277.90  231.27  210.19  213.40 1385.70 1459.44   45.40   41.51    0.27    0.03    2.76    0.25   75.11  427.21  123.76    7.57 7161.69   19.39
     2.62   80.00  351.40   89.47    0.90    0.80    0.50    0.93    0.26 4449.45  327.22  272.40  251.60  255.92 1667.47 1762.55   33.85   29.57    0.33    0.03    3.22    0.25   50.76  482.45  121.84    7.34 8469.12   18.30
     2.82   61.00  367.56   68.11    0.95    0.84    0.50    0.97    0.27 4648.90  339.71  282.82  262.09  266.70 1738.85 1839.34   30.93   26.54    0.34    0.03    3.33    0.25   44.60  496.44  121.35    7.29 8800.34   18.03
     3.02   48.20  378.44   53.72    0.97    0.87    0.50    1.00    0.27 4783.27  348.13  289.84  269.16  273.95 1786.94 1891.07   28.96   24.51    0.35    0.03    3.41    0.25   40.44  505.87  121.02    7.25 9023.47   17.84
     3.62   26.70  396.72   29.55    1.02    0.91    0.50    1.05    0.27 5008.97  362.27  301.63  281.03  286.14 1867.71 1977.96   25.65   21.08    0.37    0.03    3.54    0.25   33.46  521.70  120.47    7.18 9398.27   17.53
 Recovery Factors Temporal:
     Time       I      Cl     PFB    UKPA  UICPMS     NO3      Mn      Fe     SO4    CaIC CaICPMS    MgIC MgICPMS    NaIC NaICPMS     KIC  KICPMS MoICPMS  VICPMS SrICPMS SeICPMS     DOC     Alk     ORP      pH    Cond    Temp
     0.38    1.00    1.58    0.90    3.13    3.12    1.00    1.02    5.21    1.11    1.00    1.08    0.85    1.02    1.09    1.36    0.82    0.88    2.67    1.00    0.98    1.00    0.96    1.04    0.01    0.96    1.02    0.97
     0.86    1.00    1.11    0.91    1.68    1.72    1.00    0.44    4.99    1.16    1.22    1.24    0.94    1.00    1.01    1.11    0.78    0.84    1.43    1.00    1.22    1.00    0.97    1.01    0.34    0.95    1.05    0.89
     1.31    1.00    1.10    0.90    1.07    1.17    1.00    0.21    0.24    1.02    1.46    1.45    1.04    1.06    0.92    0.94    1.22    1.29    0.98    1.00    1.54    1.00    0.97    1.02    0.71    0.96    1.01    0.86
     1.72    1.00    1.02    0.87    0.99    1.10    1.00    0.21    1.44    1.05    1.45    1.47    1.05    1.09    0.91    0.95    1.81    2.03    0.94    1.00    1.66    1.00    0.93    1.04    0.92    0.98    1.01    0.93
     1.94    1.00    0.94    0.88    0.95    1.04    1.00    0.18    1.38    1.12    1.37    1.37    1.03    1.06    0.91    0.92    2.19    2.47    0.92    1.00    1.55    1.00    0.95    1.08    0.64    1.00    1.01    1.13
     2.34    1.00    0.97    0.90    0.92    0.99    1.00    0.12    0.20    1.04    1.27    1.26    1.01    1.01    0.92    0.91    2.75    3.10    0.91    1.00    1.37    1.00    0.98    1.03    0.83    1.02    1.00    1.02
     2.72    1.00    1.00    0.87    0.95    1.00    1.00    0.13    0.23    0.99    1.20    1.22    1.01    1.02    0.93    0.94    3.31    3.90    0.91    1.00    1.31    1.00    0.98    0.98    1.60    1.03    1.01    1.02
     2.92    1.00    1.02    0.87    0.96    0.99    1.00    0.12    0.22    0.99    1.17    1.19    1.01    1.01    0.94    0.95    3.48    4.16    0.92    1.00    1.28    1.00    0.98    0.99    1.74    1.03    1.01    1.19
     3.32    1.00    1.01    0.88    0.98    0.99    1.00    0.14    0.18    1.00    1.15    1.17    1.01    1.01    0.95    0.95    3.56    4.31    0.94    1.00    1.24    1.00    0.94    1.00    1.55    1.04    1.00    1.09
 Recovery Factors Integrated:
                I      Cl     PFB    UKPA  UICPMS     NO3      Mn      Fe     SO4    CaIC CaICPMS    MgIC MgICPMS    NaIC NaICPMS     KIC  KICPMS MoICPMS  VICPMS SrICPMS SeICPMS     DOC     Alk     ORP      pH    Cond    Temp
             1.00    1.08    0.89    1.29    1.34    1.00    0.29    1.57    1.05    1.25    1.27    0.99    1.03    0.95    1.00    2.21    2.55    1.18    1.00    1.35    1.00    0.96    1.02    0.92    1.00    1.02    1.01
 Correlation Co-efficients (r):
             Time       I      Cl     PFB    UKPA  UICPMS     NO3      Mn      Fe     SO4    CaIC CaICPMS    MgIC MgICPMS    NaIC NaICPMS     KIC  KICPMS MoICPMS  VICPMS SrICPMS SeICPMS     DOC     Alk     ORP      pH    Cond    Temp
     Time     sym     NaN   -0.71   -0.72   -0.75   -0.77     NaN   -0.79   -0.82   -0.77    0.01   -0.09    0.59   -0.18   -0.64   -0.73    0.98    0.98   -0.73     NaN    0.18     NaN    0.10   -0.42    0.93    0.96   -0.62    0.70
        I     NaN     sym     NaN     NaN     NaN     NaN     NaN     NaN     NaN     NaN     NaN     NaN    -Inf     NaN     NaN     NaN     NaN     NaN     NaN     NaN     NaN     NaN     NaN     NaN     NaN     NaN     NaN     NaN
       Cl   -0.71     NaN     sym    0.51    0.97    0.97     NaN    0.97    0.73    0.35   -0.59   -0.49   -0.87   -0.18    0.91    0.95   -0.60   -0.58    0.97     NaN   -0.68     NaN   -0.05    0.09   -0.62   -0.56    0.33   -0.34
      PFB   -0.72     NaN    0.51     sym    0.59    0.59     NaN    0.59    0.67    0.67   -0.21   -0.20   -0.62   -0.38    0.60    0.58   -0.73   -0.73    0.56     NaN   -0.43     NaN    0.23    0.19   -0.79   -0.70    0.67   -0.61
     UKPA   -0.75     NaN    0.97    0.59     sym    1.00     NaN    1.00    0.85    0.52   -0.64   -0.54   -0.94   -0.26    0.96    0.99   -0.64   -0.62    1.00     NaN   -0.72     NaN   -0.05    0.17   -0.70   -0.59    0.47   -0.31
   UICPMS   -0.77     NaN    0.97    0.59    1.00     sym     NaN    1.00    0.86    0.54   -0.60   -0.50   -0.93   -0.22    0.95    0.99   -0.67   -0.65    1.00     NaN   -0.69     NaN   -0.06    0.20   -0.72   -0.62    0.47   -0.33
      NO3     NaN     NaN     NaN     NaN     NaN     NaN     sym     NaN     NaN     NaN     NaN     NaN     NaN     NaN     NaN     NaN     NaN     NaN     NaN     NaN     NaN     NaN     NaN     NaN     NaN     NaN     NaN     NaN
       Mn   -0.79     NaN    0.97    0.59    1.00    1.00     NaN     sym    0.87    0.56   -0.57   -0.47   -0.91   -0.18    0.94    0.99   -0.69   -0.67    0.99     NaN   -0.66     NaN   -0.10    0.24   -0.74   -0.64    0.47   -0.34
       Fe   -0.82     NaN    0.73    0.67    0.85    0.86     NaN    0.87     sym    0.83   -0.43   -0.34   -0.84   -0.19    0.87    0.88   -0.77   -0.76    0.83     NaN   -0.54     NaN   -0.16    0.28   -0.79   -0.75    0.80   -0.41
      SO4   -0.77     NaN    0.35    0.67    0.52    0.54     NaN    0.56    0.83     sym   -0.03    0.03   -0.50    0.03    0.50    0.54   -0.77   -0.77    0.50     NaN   -0.14     NaN   -0.20    0.64   -0.85   -0.73    0.75   -0.35
     CaIC    0.01     NaN   -0.59   -0.21   -0.64   -0.60     NaN   -0.57   -0.43   -0.03     sym    0.99    0.81    0.79   -0.76   -0.67   -0.12   -0.15   -0.65     NaN    0.97     NaN   -0.24    0.31    0.02   -0.16   -0.24   -0.30
  CaICPMS   -0.09     NaN   -0.49   -0.20   -0.54   -0.50     NaN   -0.47   -0.34    0.03    0.99     sym    0.75    0.86   -0.67   -0.57   -0.22   -0.24   -0.55     NaN    0.95     NaN   -0.33    0.36   -0.06   -0.26   -0.21   -0.36
     MgIC    0.59    -Inf   -0.87   -0.62   -0.94   -0.93     NaN   -0.91   -0.84   -0.50    0.81    0.75     sym    0.55   -0.98   -0.96    0.48    0.45   -0.94     NaN    0.89     NaN   -0.13   -0.01    0.57    0.43   -0.58    0.16
  MgICPMS   -0.18     NaN   -0.18   -0.38   -0.26   -0.22     NaN   -0.18   -0.19    0.03    0.79    0.86    0.55     sym   -0.45   -0.30   -0.24   -0.26   -0.25     NaN    0.82     NaN   -0.58    0.50   -0.13   -0.26   -0.35   -0.25
     NaIC   -0.64     NaN    0.91    0.60    0.96    0.95     NaN    0.94    0.87    0.50   -0.76   -0.67   -0.98   -0.45     sym    0.98   -0.54   -0.52    0.96     NaN   -0.84     NaN    0.00    0.00   -0.58   -0.51    0.59   -0.25
  NaICPMS   -0.73     NaN    0.95    0.58    0.99    0.99     NaN    0.99    0.88    0.54   -0.67   -0.57   -0.96   -0.30    0.98     sym   -0.63   -0.60    0.99     NaN   -0.75     NaN   -0.06    0.12   -0.67   -0.58    0.54   -0.30
      KIC    0.98     NaN   -0.60   -0.73   -0.64   -0.67     NaN   -0.69   -0.77   -0.77   -0.12   -0.22    0.48   -0.24   -0.54   -0.63     sym    1.00   -0.62     NaN    0.06     NaN    0.19   -0.44    0.92    0.99   -0.63    0.76
   KICPMS    0.98     NaN   -0.58   -0.73   -0.62   -0.65     NaN   -0.67   -0.76   -0.77   -0.15   -0.24    0.45   -0.26   -0.52   -0.60    1.00     sym   -0.60     NaN    0.04     NaN    0.17   -0.46    0.92    0.99   -0.61    0.77
  MoICPMS   -0.73     NaN    0.97    0.56    1.00    1.00     NaN    0.99    0.83    0.50   -0.65   -0.55   -0.94   -0.25    0.96    0.99   -0.62   -0.60     sym     NaN   -0.72     NaN   -0.05    0.18   -0.69   -0.56    0.44   -0.28
   VICPMS     NaN     NaN     NaN     NaN     NaN     NaN     NaN     NaN     NaN     NaN     NaN     NaN     NaN     NaN     NaN     NaN     NaN     NaN     NaN     sym     NaN     NaN     NaN     NaN     NaN     NaN     NaN     NaN
  SrICPMS    0.18     NaN   -0.68   -0.43   -0.72   -0.69     NaN   -0.66   -0.54   -0.14    0.97    0.95    0.89    0.82   -0.84   -0.75    0.06    0.04   -0.72     NaN     sym     NaN   -0.31    0.33    0.17    0.03   -0.40   -0.10
  SeICPMS     NaN     NaN     NaN     NaN     NaN     NaN     NaN     NaN     NaN     NaN     NaN     NaN     NaN     NaN     NaN     NaN     NaN     NaN     NaN     NaN     NaN     sym     NaN     NaN     NaN     NaN     NaN     NaN
      DOC    0.10     NaN   -0.05    0.23   -0.05   -0.06     NaN   -0.10   -0.16   -0.20   -0.24   -0.33   -0.13   -0.58    0.00   -0.06    0.19    0.17   -0.05     NaN   -0.31     NaN     sym   -0.46    0.15    0.17    0.12    0.12
      Alk   -0.42     NaN    0.09    0.19    0.17    0.20     NaN    0.24    0.28    0.64    0.31    0.36   -0.01    0.50    0.00    0.12   -0.44   -0.46    0.18     NaN    0.33     NaN   -0.46     sym   -0.64   -0.36   -0.00   -0.02
      ORP    0.93     NaN   -0.62   -0.79   -0.70   -0.72     NaN   -0.74   -0.79   -0.85    0.02   -0.06    0.57   -0.13   -0.58   -0.67    0.92    0.92   -0.69     NaN    0.17     NaN    0.15   -0.64     sym    0.86   -0.53    0.59
       pH    0.96     NaN   -0.56   -0.70   -0.59   -0.62     NaN   -0.64   -0.75   -0.73   -0.16   -0.26    0.43   -0.26   -0.51   -0.58    0.99    0.99   -0.56     NaN    0.03     NaN    0.17   -0.36    0.86     sym   -0.66    0.79
     Cond   -0.62     NaN    0.33    0.67    0.47    0.47     NaN    0.47    0.80    0.75   -0.24   -0.21   -0.58   -0.35    0.59    0.54   -0.63   -0.61    0.44     NaN   -0.40     NaN    0.12   -0.00   -0.53   -0.66     sym   -0.40
     Temp    0.70     NaN   -0.34   -0.61   -0.31   -0.33     NaN   -0.34   -0.41   -0.35   -0.30   -0.36    0.16   -0.25   -0.25   -0.30    0.76    0.77   -0.28     NaN   -0.10     NaN    0.12   -0.02    0.59    0.79   -0.40     sym
 Co-efficients of Determination (r^2):
             Time       I      Cl     PFB    UKPA  UICPMS     NO3      Mn      Fe     SO4    CaIC CaICPMS    MgIC MgICPMS    NaIC NaICPMS     KIC  KICPMS MoICPMS  VICPMS SrICPMS SeICPMS     DOC     Alk     ORP      pH    Cond    Temp
     Time     sym     NaN    0.50    0.52    0.56    0.59     NaN    0.62    0.68    0.59    0.00    0.01    0.35    0.03    0.41    0.53    0.96    0.96    0.53     NaN    0.03     NaN    0.01    0.18    0.87    0.92    0.38    0.48
        I     NaN     sym     NaN     NaN     NaN     NaN     NaN     NaN     NaN     NaN     NaN     NaN     Inf     NaN     NaN     NaN     NaN     NaN     NaN     NaN     NaN     NaN     NaN     NaN     NaN     NaN     NaN     NaN
       Cl    0.50     NaN     sym    0.26    0.94    0.95     NaN    0.94    0.54    0.12    0.35    0.24    0.76    0.03    0.83    0.91    0.36    0.34    0.95     NaN    0.46     NaN    0.00    0.01    0.39    0.32    0.11    0.11
      PFB    0.52     NaN    0.26     sym    0.34    0.35     NaN    0.35    0.45    0.45    0.05    0.04    0.38    0.14    0.36    0.34    0.54    0.54    0.32     NaN    0.18     NaN    0.05    0.04    0.62    0.49    0.45    0.37
     UKPA    0.56     NaN    0.94    0.34     sym    1.00     NaN    0.99    0.73    0.27    0.40    0.29    0.88    0.07    0.93    0.99    0.41    0.38    1.00     NaN    0.52     NaN    0.00    0.03    0.49    0.35    0.22    0.09
   UICPMS    0.59     NaN    0.95    0.35    1.00     sym     NaN    1.00    0.73    0.29    0.36    0.25    0.86    0.05    0.91    0.98    0.45    0.42    0.99     NaN    0.48     NaN    0.00    0.04    0.52    0.38    0.22    0.11
      NO3     NaN     NaN     NaN     NaN     NaN     NaN     sym     NaN     NaN     NaN     NaN     NaN     NaN     NaN     NaN     NaN     NaN     NaN     NaN     NaN     NaN     NaN     NaN     NaN     NaN     NaN     NaN     NaN
       Mn    0.62     NaN    0.94    0.35    0.99    1.00     NaN     sym    0.75    0.32    0.33    0.22    0.83    0.03    0.89    0.98    0.47    0.45    0.99     NaN    0.44     NaN    0.01    0.06    0.55    0.41    0.23    0.12
       Fe    0.68     NaN    0.54    0.45    0.73    0.73     NaN    0.75     sym    0.69    0.19    0.11    0.71    0.04    0.76    0.78    0.60    0.57    0.69     NaN    0.30     NaN    0.03    0.08    0.62    0.56    0.64    0.17
      SO4    0.59     NaN    0.12    0.45    0.27    0.29     NaN    0.32    0.69     sym    0.00    0.00    0.25    0.00    0.25    0.29    0.60    0.60    0.25     NaN    0.02     NaN    0.04    0.41    0.73    0.53    0.56    0.12
     CaIC    0.00     NaN    0.35    0.05    0.40    0.36     NaN    0.33    0.19    0.00     sym    0.98    0.66    0.62    0.57    0.44    0.02    0.02    0.42     NaN    0.94     NaN    0.06    0.10    0.00    0.03    0.06    0.09
  CaICPMS    0.01     NaN    0.24    0.04    0.29    0.25     NaN    0.22    0.11    0.00    0.98     sym    0.56    0.73    0.45    0.32    0.05    0.06    0.30     NaN    0.91     NaN    0.11    0.13    0.00    0.07    0.04    0.13
     MgIC    0.35     Inf    0.76    0.38    0.88    0.86     NaN    0.83    0.71    0.25    0.66    0.56     sym    0.30    0.97    0.92    0.23    0.21    0.88     NaN    0.79     NaN    0.02    0.00    0.32    0.19    0.34    0.03
  MgICPMS    0.03     NaN    0.03    0.14    0.07    0.05     NaN    0.03    0.04    0.00    0.62    0.73    0.30     sym    0.20    0.09    0.06    0.07    0.06     NaN    0.68     NaN    0.33    0.25    0.02    0.07    0.12    0.06
     NaIC    0.41     NaN    0.83    0.36    0.93    0.91     NaN    0.89    0.76    0.25    0.57    0.45    0.97    0.20     sym    0.97    0.30    0.27    0.92     NaN    0.71     NaN    0.00    0.00    0.34    0.26    0.35    0.06
  NaICPMS    0.53     NaN    0.91    0.34    0.99    0.98     NaN    0.98    0.78    0.29    0.44    0.32    0.92    0.09    0.97     sym    0.39    0.36    0.98     NaN    0.56     NaN    0.00    0.02    0.45    0.34    0.29    0.09
      KIC    0.96     NaN    0.36    0.54    0.41    0.45     NaN    0.47    0.60    0.60    0.02    0.05    0.23    0.06    0.30    0.39     sym    1.00    0.38     NaN    0.00     NaN    0.03    0.19    0.84    0.98    0.40    0.59
   KICPMS    0.96     NaN    0.34    0.54    0.38    0.42     NaN    0.45    0.57    0.60    0.02    0.06    0.21    0.07    0.27    0.36    1.00     sym    0.36     NaN    0.00     NaN    0.03    0.21    0.85    0.98    0.37    0.59
  MoICPMS    0.53     NaN    0.95    0.32    1.00    0.99     NaN    0.99    0.69    0.25    0.42    0.30    0.88    0.06    0.92    0.98    0.38    0.36     sym     NaN    0.52     NaN    0.00    0.03    0.47    0.32    0.19    0.08
   VICPMS     NaN     NaN     NaN     NaN     NaN     NaN     NaN     NaN     NaN     NaN     NaN     NaN     NaN     NaN     NaN     NaN     NaN     NaN     NaN     sym     NaN     NaN     NaN     NaN     NaN     NaN     NaN     NaN
  SrICPMS    0.03     NaN    0.46    0.18    0.52    0.48     NaN    0.44    0.30    0.02    0.94    0.91    0.79    0.68    0.71    0.56    0.00    0.00    0.52     NaN     sym     NaN    0.10    0.11    0.03    0.00    0.16    0.01
  SeICPMS     NaN     NaN     NaN     NaN     NaN     NaN     NaN     NaN     NaN     NaN     NaN     NaN     NaN     NaN     NaN     NaN     NaN     NaN     NaN     NaN     NaN     sym     NaN     NaN     NaN     NaN     NaN     NaN
      DOC    0.01     NaN    0.00    0.05    0.00    0.00     NaN    0.01    0.03    0.04    0.06    0.11    0.02    0.33    0.00    0.00    0.03    0.03    0.00     NaN    0.10     NaN     sym    0.21    0.02    0.03    0.01    0.01
      Alk    0.18     NaN    0.01    0.04    0.03    0.04     NaN    0.06    0.08    0.41    0.10    0.13    0.00    0.25    0.00    0.02    0.19    0.21    0.03     NaN    0.11     NaN    0.21     sym    0.41    0.13    0.00    0.00
      ORP    0.87     NaN    0.39    0.62    0.49    0.52     NaN    0.55    0.62    0.73    0.00    0.00    0.32    0.02    0.34    0.45    0.84    0.85    0.47     NaN    0.03     NaN    0.02    0.41     sym    0.74    0.28    0.35
       pH    0.92     NaN    0.32    0.49    0.35    0.38     NaN    0.41    0.56    0.53    0.03    0.07    0.19    0.07    0.26    0.34    0.98    0.98    0.32     NaN    0.00     NaN    0.03    0.13    0.74     sym    0.43    0.62
     Cond    0.38     NaN    0.11    0.45    0.22    0.22     NaN    0.23    0.64    0.56    0.06    0.04    0.34    0.12    0.35    0.29    0.40    0.37    0.19     NaN    0.16     NaN    0.01    0.00    0.28    0.43     sym    0.16
     Temp    0.48     NaN    0.11    0.37    0.09    0.11     NaN    0.12    0.17    0.12    0.09    0.13    0.03    0.06    0.06    0.09    0.59    0.59    0.08     NaN    0.01     NaN    0.01    0.00    0.35    0.62    0.16     sym
 Correlation Summary Table:
             Time       I      Cl     PFB    UKPA  UICPMS     NO3      Mn      Fe     SO4    CaIC CaICPMS    MgIC MgICPMS    NaIC NaICPMS     KIC  KICPMS MoICPMS  VICPMS SrICPMS SeICPMS     DOC     Alk     ORP      pH    Cond    Temp
     Time     sym                                   -corr           -corr   -corr   -corr                                                   +corr   +corr                                                   +corr   +corr                
        I             sym                                                                                   -corr                                                                                                                        
       Cl                     sym           +corr   +corr           +corr                                   -corr           +corr   +corr                   +corr                                                                        
      PFB                             sym                                                                                                                                                                   -corr                        
     UKPA                   +corr             sym   +corr           +corr   +corr                           -corr           +corr   +corr                   +corr                                                                        
   UICPMS   -corr           +corr           +corr     sym           +corr   +corr                           -corr           +corr   +corr                   +corr                                                                        
      NO3                                                     sym                                                                                                                                                                        
       Mn   -corr           +corr           +corr   +corr             sym   +corr                           -corr           +corr   +corr                   +corr                                                                        
       Fe   -corr                           +corr   +corr           +corr     sym   +corr                   -corr           +corr   +corr   -corr   -corr   +corr                                           -corr           +corr        
      SO4   -corr                                                           +corr     sym                                                   -corr   -corr                                                   -corr                        
     CaIC                                                                                     sym   +corr   +corr   +corr   -corr                                           +corr                                                        
  CaICPMS                                                                                   +corr     sym           +corr                                                   +corr                                                        
     MgIC           -corr   -corr           -corr   -corr           -corr   -corr           +corr             sym           -corr   -corr                   -corr           +corr                                                        
  MgICPMS                                                                                   +corr   +corr             sym                                                   +corr                                                        
     NaIC                   +corr           +corr   +corr           +corr   +corr           -corr           -corr             sym   +corr                   +corr           -corr                                                        
  NaICPMS                   +corr           +corr   +corr           +corr   +corr                           -corr           +corr     sym                   +corr           -corr                                                        
      KIC   +corr                                                           -corr   -corr                                                     sym   +corr                                                   +corr   +corr           +corr
   KICPMS   +corr                                                           -corr   -corr                                                   +corr     sym                                                   +corr   +corr           +corr
  MoICPMS                   +corr           +corr   +corr           +corr   +corr                           -corr           +corr   +corr                     sym                                                                        
   VICPMS                                                                                                                                                             sym                                                                
  SrICPMS                                                                                   +corr   +corr   +corr   +corr   -corr   -corr                                     sym                                                        
  SeICPMS                                                                                                                                                                             sym                                                
      DOC                                                                                                                                                                                     sym                                        
      Alk                                                                                                                                                                                             sym                                
      ORP   +corr                   -corr                                   -corr   -corr                                                   +corr   +corr                                                     sym   +corr                
       pH   +corr                                                                                                                           +corr   +corr                                                   +corr     sym           +corr
     Cond                                                                   +corr                                                                                                                                             sym        
     Temp                                                                                                                                   +corr   +corr                                                           +corr             sym
